255676409222
2694537569
2694535970
255650618256
255659054878
2694331242
255771671848
2694494048
255678900693
255770033265
2694697812
2694601960
2694155024
2694464519
2694588040
2694703874
255656929825
255650819822
255653486366
255659165157
255773004743
2694732477
255670593681
255670184951
2694295975
255670104933
2694820520
2694311062
255670875918
2694761247
255710713327
2694490895
255719738120
2694427143
2694804929
255650257128
255771828274
2694758458
255678366874
2694583251
2694350775
2694720677
255650391364
2694574629
2694548427
255650336253
255650377785
255670214898
255659809247
2694868898
2694286397
2694343559
255650489642
2694597992
2694297570
2694559702
2694261290
255670355384
255715306519
255711956282
255654259460
255671101413
255673630456
255655751616
2694861279
2694136149
2694331194
255670462214
255659307072
2694663688
2694355487
255671278569
2694562139
255650671002
255776343392
255712965205
255650243397
2694319121
2694564865
255650493722
255716060734
2694488049
255677184382
255671272644
255678719159
255775422834
2694360598
255677618361
255770642038
255671074579
2694285530
255770307096
2694222399
255671437730
2694511045
2694851829
255714316979
255670837492
2694874683
255671835723
2694873351
255711788437
255679237773
255671103267
255679480670
255716277903
255650461709
2694637061
2694651483
2694921334
2694181571
2694461001
255671005504
255774956192
255650382839
255656473332
255717134078
2694775025
2694115836
255650545876
2694869904
2694540014
255671707283
255710694322
255670972468
255650443044
2694352031
255778253570
2694488995
255657495029
255659023419
255770040134
255658006013
255650728017
255674734490
255713333554
255771917312
2694643289
255650979245
255711177228
255716101915
2694286373
255658167812
2694587979
255650548455
255650439019
2694670644
2694805923
255653345566
255714490332
2694544101
255670385162
2694294343
2694461066
255650460316
255670629900
2694611214
255770820120
2694741531
2694650842
2694246168
2694464724
2694794686
255716577612
2694393309
255671937616
2694610911
2694346069
2694956767
255650673067
2694412490
255670171311
255671495823
2694596855
2694679668
2694882680
2694129251
255770106518
255670979011
2694593789
255678396008
2694442945
255670071129
2694648456
255651543899
2694753079
2694816500
255673077875
2694533707
2694571032
255674160518
255676291415
2694520182
2694153912
255656277199
255677540343
255675383820
255655404119
255651236568
255670754371
255714786471
2694558461
255671621545
2694937410
255671984069
2694112897
255677767012
255776803675
2694288710
2694449697
255670563324
255678486186
2694693415
255657196580
2694148711
2694805608
255771198892
2694734918
255653952076
255770855057
255650514306
255712365727
255650266057
2694482674
2694894473
255711916936
2694580913
2694206250
255651755214
255771153361
2694350765
255677234473
2694426276
255670428141
2694128928
2694442455
255651018225
2694402509
2694416733
255651383412
2694403215
255770634862
2694760694
2694505286
255670814582
2694899412
2694164068
255650456770
255655574484
255674818038
255672884584
2694481452
2694839283
2694659453
2694777596
2694982916
2694847612
255650552295
2694904178
2694563154
2694168393
255656061282
2694276681
2694900097
2694384837
255710173339
2694746369
2694936882
2694804335
2694431942
2694736859
2694687987
2694570548
255650909711
2694611035
255670116037
2694816294
255674397436
255650514514
2694343109
255719157818
255679401371
2694742304
2694337243
255770474211
2694732416
2694700066
2694641031
2694399874
2694889066
255656838855
2694105925
255673440713
2694862369
255653991223
2694590189
255675959117
2694576422
2694318204
255771334332
2694903595
255652060993
2694926578
2694265184
2694862843
2694119918
255719807486
2694905244
2694529375
2694118743
2694487748
255658521308
2694683568
2694367514
2694280774
255653026824
2694805662
2694862618
255711791319
2694839798
255677865940
2694928782
2694778347
255717833415
2694272428
255670151416
2694465577
255656722998
2694611085
255674697000
255774003110
255719149134
255650460552
2694336539
2694764602
255674223414
255656510628
2694643891
2694361327
2694348176
2694670869
2694801944
255770316598
255771448943
2694342613
255655963902
2694513269
255776692426
255715622685
255673661234
255672566502
2694699274
255778744927
2694679542
255650502598
2694360814
255779117853
255713943505
255657980389
255711184557
255653116612
255650485127
255670406853
255670468562
255650931330
255676574758
255650617650
255670717749
255711601923
255679874361
255775424232
2694650837
2694845624
255712973516
2694745645
2694164516
255658022462
2694412625
2694280533
2694530961
255710527351
2694447113
255675342332
255678002077
255655786462
2694703146
255715113411
255652499515
255677696492
255717911617
2694677571
2694302326
255651084497
2694563235
2694863604
2694208280
2694124467
255774899368
255711732023
2694517391
2694247784
2694569561
2694273548
255670374775
255679426816
255654009332
255670003805
255717085989
2694586823
255778416983
2694384502
2694147616
2694129458
2694467424
255670755428
2694380059
255650939938
255715440245
2694823532
255671139829
255671838668
255679593620
2694318633
255671396314
255656296800
255712110230
2694637767
2694657252
255671622889
2694578053
2694352658
2694787857
255770070162
255772623334
2694557381
2694797795
2694254572
255771661290
2694153704
2694446483
255711134283
255671964343
2694165034
255670676470
255677499473
2694149052
2694623693
255650848132
2694787323
2694498401
255657577142
255717227568
2694506498
255671393136
255658763251
255651362300
255650514025
255671469840
255651414957
255711073061
2694470265
255712360863
2694192895
2694453228
2694279872
2694559104
255652496169
2694676583
2694463566
2694203320
2694509788
255670142697
2694254705
2694223449
255650387253
2694204304
255670809969
255650526126
2694841245
2694570507
255670904163
2694140315
2694310383
255719459559
255711011320
255717321938
255650243074
255656060406
255670195770
2694215913
255771557193
2694760411
255710762076
255670214992
255677398153
255678984478
255671458078
255650544428
2694443271
2694636332
2694581451
255656854300
2694661071
2694526413
255656971511
255671199354
2694593798
255714744151
255714329570
2694892324
255670324553
2694785950
255770824231
2694915924
255677182813
255655571696
2694606805
2694234456
255670264433
255717533586
255650848138
2694134429
255671245474
255655364142
255770052596
255653242874
255776812427
2694789122
255676235609
2694271721
255673138126
255671605853
255650527619
255670124643
255670376883
2694513581
2694460146
255670352294
255713513637
255650681334
2694456480
255719963523
2694803743
2694947240
2694484851
2694116030
2694849425
2694899919
2694649131
255772917604
2694121712
2694466815
2694566934
255657658798
2694385176
2694835402
255677406673
255656078320
255678032071
2694349012
255671415079
255659736697
2694833449
255659216032
255713620452
255717498219
2694365660
255650548400
255655966327
255650930409
255719653656
2694419703
2694401527
255656010334
2694840921
2694780418
255671785980
2694605333
255673840340
2694403573
255672353386
2694840045
2694151760
255659022518
255673454773
2694797739
2694737648
2694481306
2694745074
255678616176
2694208818
2694629867
255670112891
255717384067
255676981729
2694225957
2694558940
255678179022
2694748369
255658838735
255671794278
255717887813
255778526562
255670210157
255670334058
255770178880
2694965180
2694160660
2694485617
255670221050
2694399583
2694133852
255711788690
255650387914
255677649717
255677769193
255770012188
2694291116
2694378241
2694836150
2694394353
2694292222
2694536412
255658198531
255675953708
2694617613
255776692415
255657212977
2694595775
255679140605
255658633392
2694720611
255670401788
2694619762
255678791128
255653594587
255679269896
255655632175
2694819221
2694586580
255670794202
2694901295
2694864963
2694114809
255650835151
2694370829
255670440833
2694676454
2694662661
255653625159
255670238207
2694317882
255717700802
255717855356
255650232404
255678636335
255650995533
2694759902
255679750033
2694622349
2694492695
255651930944
255670548563
2694845106
2694498521
2694530328
2694694522
255715457681
255657507957
255716527249
255670268404
2694550906
2694631893
2694920423
2694732845
255672489782
2694605523
255718580034
2694194818
2694392584
255710698486
255658510938
255716712787
2694975532
255650240330
2694137091
255716431213
255650385311
255710645531
255654785482
2694562795
255650773711
255650308324
2694127844
2694494882
255651718618
255653028451
255678092380
2694344389
2694340965
255650858623
255775542718
2694498420
2694680929
255651545923
255718092609
2694147319
255710703972
255671319134
255771314920
255655336801
2694463702
2694246677
255657151005
2694356669
255773393513
255771247856
255670414223
2694892983
255657439103
255672843751
255656562551
255657067442
255717138163
255770276498
255717175842
255671231148
2694432372
255771771855
2694922721
255710467975
2694114865
255651800414
255714842498
2694220166
2694977762
2694445740
2694116561
255670060211
2694727489
2694808664
2694715568
2694906636
255711241000
255671490434
2694724557
255650371872
2694831349
2694127828
255711329555
2694356964
255670888288
2694469588
2694864521
255670739212
2694308473
255771418866
2694143799
2694729058
2694542776
2694606550
255650306538
2694785858
255670484617
2694559182
2694686087
255655736306
2694572683
255679567773
255710971589
2694511796
2694496756
255771744122
255655457152
255650367030
255650733465
255679941981
255650439569
255670909081
2694540382
2694784558
2694454601
255674198613
255678331505
2694162688
255650440840
255650424243
255672621968
2694338958
2694144849
2694286934
2694265060
2694295599
2694458331
255677534130
255650412964
255650431170
255650344770
255779999665
2694989322
255679806106
255775969329
255671513270
2694717734
255673232533
2694530036
255659575086
2694637098
255670366329
2694706898
2694528276
255650402697
2694511689
2694301016
2694757521
255771744867
255650547673
255650616744
2694313703
2694180438
255718405441
255650635017
2694549311
2694925401
2694655225
2694391346
255652496138
255650553518
2694893189
255671553622
255650910381
255658940278
255650442215
2694360684
2694545983
255658501482
255772862931
255650895404
2694426267
2694439663
255655876192
2694441398
255670128709
2694995931
2694132823
255654066226
2694536553
2694216985
255671532890
255671808785
2694570310
255650990537
255651362016
2694987615
2694357493
2694579286
255650348698
255651819923
255650275053
255779901351
255650549152
2694261878
2694907791
255771090856
2694619234
255652406725
2694562008
255671204473
2694395008
255775196709
2694542680
255717528379
2694551452
255718995673
2694863068
255770806018
2694373543
2694470914
2694387825
2694141638
255719753456
2694685727
2694175304
2694359698
2694259809
2694106368
255777386129
255771847847
255650358101
2694213374
255658953469
255711042670
255770818037
2694697122
255673850378
2694861204
255679103661
2694863176
2694339291
255658093401
2694612934
2694904987
255679268702
255679565537
255672259335
2694757845
255677311116
255675245330
255779422875
255659542165
255674851700
255715542925
2694123671
2694233465
2694535903
255779899015
255651864942
2694570213
255650298450
2694759635
255670541214
2694457476
255650621729
255673839840
255779359755
255671247410
2694920164
2694833812
2694263539
255651000474
255677081115
2694676568
2694721344
255657420958
255670401869
2694463940
2694423329
255771718555
2694547970
2694490759
255674625689
2694429736
255654049995
255773864356
2694233910
2694349411
2694655249
255772389433
2694524382
255653108447
2694511807
2694249573
2694537980
255677221941
2694185709
2694416426
255671246772
2694121055
255711464595
2694476149
255671050231
255674280766
2694252005
255676634519
2694858795
2694588890
2694605761
255650420519
2694639386
255650454099
2694646264
2694740254
2694789558
255677378744
255670532183
255650314931
2694548844
2694139630
255776607284
255770875485
255658084022
2694423359
255676582998
2694328469
255650836044
2694598349
2694653830
2694426206
255671397965
255770735226
2694544065
255670715746
255770488326
255776239523
255656954993
255650639415
255671212691
2694601008
2694792851
255658966264
255779811638
255670487214
255651646733
255650920297
255773053654
2694374885
2694490515
2694690888
255650242819
255670569178
2694859966
2694648037
255651260006
255650337789
255715794641
2694579413
255670905725
255714249092
255710699991
255710471209
2694756508
255650426486
2694164420
2694267775
255654634130
255670296777
2694117039
2694483991
255674785848
2694438637
2694798138
255650448566
255650531276
2694342940
255773720367
2694158713
255650891711
255677432741
2694250421
255775304672
255650306017
255670432950
255659799827
2694151280
2694931595
2694375041
2694607518
255650531255
2694332686
255670296745
2694687593
2694483431
255710029607
2694134256
2694634538
255659022559
255656323225
255651631472
255776799753
255670787933
2694366686
255710715871
2694268060
2694557621
2694624693
2694781392
2694374827
255670969021
255676871021
255675669816
2694249146
255655221301
255711835060
2694824043
2694545261
255650388397
2694551499
2694353792
255678193035
2694285391
255670938771
2694763762
255717815384
2694837115
2694759544
2694262377
255715098428
255650464996
2694342159
255650362598
255656076487
255671066722
2694123362
255677717316
255671175500
255678806977
255670721355
255670342291
2694527210
255670420850
255670456460
255656459156
2694317466
255710731685
255659726924
255650415861
255656088737
255670528590
2694647490
255678185933
2694460450
255656256847
2694712253
2694562697
255672403915
2694957407
255670358302
255650683606
255711184555
2694522955
2694403174
2694703675
255716386651
2694183220
255670106937
255650344180
2694138446
2694659539
255679409811
255670121945
2694203759
2694279026
2694627883
255718862106
255650317553
255771686824
2694306182
2694156248
2694603236
2694521214
255651694641
255677479681
2694635552
255672690394
255670531981
255678026616
2694508136
255656483789
255671629520
2694393500
2694993296
2694769442
2694491370
2694305199
255779477256
2694575279
2694756692
255670234981
2694499410
255658174207
255652727471
255713556957
255651274080
255670293945
2694124850
2694427647
2694681872
2694551584
255650903964
2694240249
255777655918
2694899059
2694510478
2694137410
2694797530
255770809717
255670246551
255677784455
255677482132
255672365538
255710163282
255651271965
255779858223
2694456896
2694576867
2694312613
2694148702
2694899771
255650580584
255773347841
255774093147
2694453425
2694862052
2694482336
255658589202
2694925197
255650482103
255650267115
2694856696
2694518532
255670033359
255671749154
2694297810
2694301123
255659223175
2694240978
255774428054
255670293206
255711484807
255650790291
255650264888
255675173618
2694500713
2694578185
2694115331
2694473753
2694714531
2694465930
2694846981
2694542478
2694476630
2694702959
2694201081
2694549522
255650848960
2694815728
2694716930
2694525584
2694615950
255656240963
255657847795
2694534117
255674577214
255671515611
255670940465
255670892717
255770307188
2694337788
2694320905
255655129953
2694332750
2694209145
255770833811
2694744671
2694822648
2694339871
2694706109
2694407751
2694597583
2694670849
2694181044
255777898499
2694540250
255658946269
2694434887
2694738572
255717249463
255670144864
2694503533
2694417162
2694887122
2694121819
255659623861
2694476178
2694148212
255777815497
255671525265
255658591275
2694450176
2694130942
2694840742
255770917655
2694238673
2694575141
255771764955
2694613156
2694110389
255778466172
2694207810
2694601061
255771581301
255710466972
2694828364
255777650957
255654913676
2694496076
255650869029
2694765703
2694963758
2694830133
2694582269
255671427656
255650415857
255675520048
255670044655
2694535023
255650887823
255672886266
255670889808
2694452870
255650666117
2694716168
255770778859
2694634399
255655617808
2694661594
255650231313
2694127191
255671775405
255773684028
255675929855
255671126118
2694813206
255650339706
255715482727
2694627109
255650232744
255677693041
255679213471
255770972083
255771075556
255672580059
255671053316
255652977031
255777253884
255658176065
255670962494
255671427617
255651221874
255771211600
255673495440
255671923552
2694527418
2694286553
255671119901
2694119220
255655482873
2694428212
2694581481
2694530508
2694166987
2694362387
2694574911
255677098281
255650936019
255670382539
255658468872
2694736790
255670779170
2694708526
2694348613
255716202878
255773164321
2694449110
2694286269
2694665158
255679941930
255659097040
255677469429
2694342960
255770414686
255670698854
2694157592
255671786304
255673259211
2694500927
255651859436
255678092487
2694826777
255658162512
255650261587
255656977948
255676260611
255650570579
2694278280
255670807856
2694957475
2694330209
2694834190
255670803006
255714613150
255718630251
2694941714
2694195248
255677502885
2694367869
255777694075
255672340258
255677510547
2694882717
255650466624
255650458822
2694567295
255672087694
255650437306
2694202188
255713324581
255670505623
2694660879
2694593372
2694479689
2694154650
2694247878
2694732568
255670398901
255670107335
255658384603
255719354713
255711157168
255671643250
2694802459
255771355704
255650936924
255656846370
255773852286
2694493742
2694998969
255651342530
2694441108
2694360230
255673816713
255678482614
255676370763
255671821788
2694818880
255670430015
255658760178
2694900778
255650690270
2694401406
255671081252
2694515464
255670711092
255650542467
255650368569
2694850754
255656965646
2694329415
2694678046
2694161315
2694727788
2694152945
2694126168
255770736457
2694820037
2694188463
2694651521
2694488234
2694355213
2694569676
2694482437
255670592280
2694556524
2694719349
2694980828
255672878446
2694639521
255650373974
2694458294
2694238184
255650809375
255650625447
255672554129
255659546923
2694360840
2694129592
2694798142
255671034142
2694325240
2694677770
255650427672
2694296300
255650505234
255672750576
255670617812
255713633862
2694140633
255650351158
2694567743
255772304793
255658669553
2694876599
2694755514
2694564166
2694805248
255671373551
255670820726
255671619891
2694370745
255771952157
2694715200
255714923029
2694626033
2694690253
255715751899
255714617264
255711424676
255651175704
2694862084
255716449378
2694574362
255719749772
2694778292
255676513342
2694884144
255677468839
2694126151
2694530765
255670860386
2694789281
255671620041
2694746446
2694709298
2694797413
2694185466
2694815966
2694745052
2694653866
2694492754
255678232880
255656307550
255675033927
2694469304
2694366581
255658564692
255659774397
255717129368
255678374656
2694474112
255670906216
2694937238
2694508224
255770921706
2694738407
2694686246
255677865981
255650295024
255657886550
2694366224
255675124654
255650982253
2694487964
2694124742
2694518897
255671411251
2694709478
255650432409
255670862746
2694499177
2694423926
2694747535
255670423944
255719524110
255650656489
255712119878
2694162220
255711818858
255770933625
2694750252
2694715899
2694425838
2694772482
2694394270
2694727885
2694638580
255655605140
2694880652
255655573504
2694353069
2694277391
2694156184
255673000580
255670362927
255650891942
255650478855
2694338574
2694126146
255659063960
2694841576
2694120966
2694616924
255716509864
2694166415
255656556809
2694789475
2694621275
2694237305
255653317565
2694189824
2694258450
255770802633
2694255993
2694785766
255771440536
255670572451
255670569182
255711842064
255671285313
2694771507
255712624921
2694196917
255650907528
255650351062
2694680871
2694236872
255672732488
255673130448
255711202393
2694846293
2694236620
255777915833
2694402561
2694117302
255777730108
2694797942
2694362094
255650800656
2694875417
2694760112
255670365547
255650909996
255710774633
2694522103
2694382749
2694124888
255717582973
2694468468
255650387650
255657240670
255771841870
2694637886
2694888651
2694554310
2694853996
255710152632
255670563160
255770739380
255659077451
255651088810
255677258904
255658429808
2694818111
255776890269
2694426370
2694801291
255670368838
255673624095
255678612856
2694762373
255670112898
255716993810
2694924760
255676795464
255671512625
255675218175
255717675445
2694352354
255650429105
255657363037
255650226712
2694233105
255673165413
2694560375
2694563616
255676959631
2694425968
255654066401
255714857129
255650534376
255650432875
255671663542
2694226144
2694808775
255678049885
255650495299
255670919283
2694473423
2694465268
2694750846
2694781488
2694949825
2694378968
2694179746
255655685471
2694341844
255650945298
2694313236
2694760159
255657070660
255658041814
255670419434
255672397365
255671390799
2694893612
255775894820
255677236332
2694835902
255713801144
255652515011
2694693455
2694828036
2694138588
255650537568
255671289677
255653375608
2694117064
255650527727
2694571402
255650533254
255674897203
2694730317
255671582824
2694185588
2694750050
255656835849
255650289012
255650368552
255650497398
2694990841
2694417143
255711945951
255716329190
255650812271
255650812295
2694522334
255771903976
2694491350
255671547364
255717556582
2694783968
2694519313
255711088557
2694309526
2694726688
2694560594
255671902553
255657018015
2694355830
255671038169
2694511210
2694234943
2694115571
2694411760
255654764978
255716437062
255670341803
255677913734
2694394414
255716992603
255711101375
255770171142
255650445081
255716199803
2694801002
255777094807
255712084082
2694162204
255670224234
2694451304
2694188834
2694795853
2694926894
2694434733
2694606854
2694288926
2694802134
255717768066
255650861802
2694948693
2694352682
255658353764
2694269673
255650462031
255651367416
2694784034
2694264847
255650435172
2694623681
2694551104
255650464970
2694196369
255654125479
2694272761
255650503367
255677380563
2694362889
255671551220
255719905187
255677516435
255650905726
2694427201
2694576500
2694477735
2694289304
2694262446
255650533252
2694153394
255775632252
2694531539
255716249819
2694881679
2694155561
255674196401
2694578184
2694202982
255672378857
255650846900
255670963757
2694452618
255719198326
2694546976
255658104586
255678690865
255653739609
2694344317
255650391323
2694748095
255717608951
255650554091
2694156176
2694459891
2694944274
255710706443
255779372636
255677639735
2694170969
255717140895
255650276559
255671444536
255770015082
2694718039
255674520673
255711527791
255674718322
255659391094
2694117016
2694575028
255650482874
2694626114
2694854698
255650428733
2694244215
2694676540
2694909861
255771389244
255651414910
255650331410
2694288283
2694342813
255650836889
255656949656
2694524930
2694402891
2694170196
2694841069
2694588740
255650286506
2694413327
2694550132
255650262475
255650445269
255650936278
2694498971
2694378274
255679448641
2694630856
255650928290
2694653577
2694650429
2694416886
2694356455
2694241844
2694172550
2694860929
2694678276
255710530904
255716759117
255778989130
2694562637
2694723281
2694737107
2694317260
255671018011
2694708365
2694136905
255650911789
255650669263
255710166688
255656915070
2694892598
2694351170
255650323634
255717226038
2694236592
2694437902
2694935541
2694570231
2694875637
2694898749
255676293540
2694498734
2694336050
255670890372
2694838436
255672567953
2694794782
2694311563
255671568071
255771924206
255657803308
2694796205
2694450823
255654524963
255717485542
2694706955
255650467657
2694275813
2694433957
255670960828
255670530246
255654722956
2694407368
255770030352
2694120751
255717093136
255670131421
2694881158
2694148981
2694169803
255770245927
255770064677
255650970266
2694565943
255717314976
2694799903
2694618832
255715591800
255654000776
2694199456
2694905323
255671583419
2694217239
2694459000
2694204251
255670507544
2694699155
255650528513
2694832469
255677652954
2694792022
2694648225
2694612892
2694739044
2694482309
2694118450
255670401095
2694424180
255771375924
255656561166
2694695218
255772517055
2694886819
255650424785
2694552281
255650972755
2694531485
255657542380
255713819964
255651178071
255711763600
255711338043
255714819197
2694810553
2694825587
255674523746
255712386901
255770026136
2694517972
2694802457
255770990923
255670833456
2694664174
2694239608
255670398960
2694784689
255678318844
255774811797
255659031681
255671750129
2694876881
255657683011
255778179659
2694145297
2694485605
2694867306
255777119471
2694928165
255651135763
255650913629
255678540264
2694271705
2694160133
255714963884
2694299746
255672523243
255673766479
255671330405
2694514151
255650353222
2694946012
2694820409
255773553794
255650440820
255658281266
2694303008
255670609075
255658327704
2694665146
2694655593
2694516416
255650838743
255650530230
255777577292
255679466923
2694131320
255719866897
2694947614
2694681021
2694127429
2694112859
255672293275
2694171408
2694714693
2694211254
255651112983
255656608934
255657934408
255719853649
255658613924
255770202783
255651297465
255670668570
2694154830
2694105378
2694344544
2694168644
255670955526
255651218520
255650946624
255657931785
255671648954
255650811039
255776735757
255712369189
255675192568
2694938339
255650409498
255650895644
2694905644
2694687635
255650405584
2694577332
2694562202
2694500684
255670529663
2694769932
2694401640
2694153412
255672547623
255651230965
2694604368
255656356478
2694137402
2694553815
2694923751
255650266256
255777915898
2694675671
255719568689
2694124025
2694181072
255650890098
2694261588
255650228258
255671791576
255717050367
255650434057
255651083655
255718394531
255717097111
255779969957
255656641796
255670133248
2694539016
2694915667
2694557334
255713145149
2694563806
255650893277
2694125144
2694877527
2694480722
2694366167
255670994983
2694643865
2694790203
255710878821
2694879504
255713234405
255650539498
255712659806
2694686166
255779328702
2694500528
2694568917
2694407765
2694460657
2694816258
2694239085
2694414753
255772370422
255670131035
2694577037
2694699530
255718123271
2694346704
2694337151
2694341537
255658759641
255670549545
255671837544
255773506528
255670127712
2694800439
255779004754
255671797509
255650924241
255773822685
2694477434
2694726893
255714200854
2694633641
255650909282
2694665422
255670468002
2694863971
255650860996
255650304286
255650347352
255652088871
255718174286
2694591441
2694377898
255674991326
255678366879
2694310534
2694400229
2694623542
255671234728
2694800238
255650492468
2694437252
255671188953
255651218329
255771519310
255651129167
255670561806
2694573051
255772224218
255672029543
2694131850
255658587455
255650637152
255650495896
255719840759
2694502663
2694694616
255671840976
255710200853
2694876138
255657510643
2694857259
2694760820
2694237241
2694628283
255650915310
2694288269
2694660458
255672523032
255650495797
255677789394
2694201380
2694495625
255671591939
255671545186
255656612117
255770222149
2694226731
2694277862
255671498385
255658105435
255678695102
255658229386
2694549922
2694519228
2694533561
2694694689
255670667827
255716096895
2694258590
255650431798
2694112477
2694423061
255770561881
2694731163
255650301382
2694543311
255711057940
255650835639
255675381736
255778634533
255650412068
2694597184
255651004410
2694422754
2694906083
255653997207
2694485538
255670371604
2694857033
255675151464
255650260593
2694583070
255678218895
255711229820
2694478341
2694934338
2694145152
2694300655
255712868799
255674848203
255671164393
255651276549
255671004210
2694896003
2694706159
255651343324
2694635625
255652046680
255779076842
255657918284
255716090649
255676955709
2694583714
255658052615
255650356340
2694466868
255670601815
255711902453
255770136498
255656983599
255650491040
2694723780
2694766475
255650508579
255650921902
255770034548
2694420816
255711065984
2694586887
2694163372
255718806526
255650390798
255650992588
2694486156
2694353179
2694780679
2694989299
2694123715
255777541265
255650667621
2694885326
2694588488
2694270935
255653985167
255651490998
255656019623
255671792327
2694177492
255773416870
255711981218
2694811891
255719865624
2694613442
2694779281
255671150492
255656588923
255672104628
2694237121
2694597526
255651158867
2694338003
2694782598
255778129734
255650876856
2694794832
2694509481
2694501201
2694129042
2694366865
255650368421
2694492684
255650848537
255775704506
2694461998
255659850104
2694766234
255677534120
255714109676
2694888996
255650511329
2694138401
255653485457
255776073182
255770993381
255677648576
255672953956
2694467291
2694696650
2694350418
255673332501
2694138462
2694877747
255650452791
2694161563
255670488163
2694357133
2694493281
255650557873
2694705061
255658468572
255656599974
255716694764
255771927000
2694169051
2694593713
255718781943
2694649185
255679529408
2694163704
255651882318
255673420775
255650459063
2694385844
2694766356
2694830222
255678155466
255673453620
255650498569
2694171900
2694114323
255650248674
255713427602
255678827797
255671220667
255670122332
2694248464
2694576740
2694707019
255776829716
255675728531
2694580510
255650461036
2694812154
2694574604
2694257976
255717628524
255672273715
255671623113
255651289556
255673978962
2694438388
2694142991
2694157995
255675625545
255713188449
255712391889
2694215753
2694871561
255653857211
2694822532
255650440653
255777120016
2694345652
255774118259
2694498231
255678959912
2694360262
255650597653
255678792926
255678296266
255670186851
255650442195
2694901085
255678271370
2694669323
255772393564
255658249872
2694454464
255770022915
255670814525
255771166610
2694284582
2694346260
2694696461
255676103248
255675694200
255657232681
255655669290
2694789403
2694991854
255670311834
255678280013
2694846330
255716788597
2694470818
255670010827
255650536655
255773717741
2694563676
255712005806
255650236403
2694417974
255670294063
2694196280
2694674792
255671411258
2694304772
255715573727
255674698547
255774524419
2694229125
2694711495
2694743334
255650895928
2694450794
2694714928
255679912959
2694536120
2694476011
2694391777
255676013206
2694719861
255678154898
255655291159
2694344846
2694455617
255678759192
255652371405
255652431579
255651105675
2694839108
255670465300
255651915136
2694510386
255658138042
2694443167
2694554388
255658752655
2694745070
255710032083
2694478263
2694719524
2694347291
2694194974
255775716156
2694527589
255650741211
2694518763
255677396361
255673610043
2694663932
2694849867
255779107400
255776107628
2694512837
2694665884
255650934535
255710619180
2694182515
255651005024
2694152175
2694286636
2694730515
2694858861
255654364492
255671624447
255658691267
255771449509
255650856695
255670860807
255671538246
255714463726
2694338211
255719840763
2694573644
255670743864
255717724634
255671119644
255711519526
255712791068
2694569202
2694933035
2694561658
2694382636
255650392805
2694873746
255650401853
2694244079
2694891121
2694352536
2694348626
2694225009
255671316600
2694422993
2694550388
2694250020
255650891456
255650490387
255650469621
255678370972
255650910195
255653805378
255715512676
2694713281
2694314917
255719209028
255652518238
2694522369
255657559112
2694477850
255671535847
2694476303
255675049570
255773377263
2694565049
2694491955
2694478617
2694842509
255712072655
255657322704
255779244160
255717866794
2694870773
2694903604
255771802185
255655806225
255671918492
2694885602
2694429128
2694134426
255778152104
255770960863
255658264373
2694639305
255772463126
2694602019
2694334564
255659014902
255659872231
255716945561
255650523253
2694669468
2694426868
2694825531
2694459453
255650267105
2694680804
2694658123
255650295374
2694528156
2694487011
2694336521
2694396864
2694909865
255670610372
255656430764
2694508934
2694590622
2694478079
2694828484
2694437278
2694147817
2694837217
255671288954
2694315538
255658340259
255673286549
2694587142
255671283899
255650886848
2694807846
2694830977
2694877198
255711560221
2694475473
255710376198
255651925141
255673453461
255679570306
2694409416
2694549708
255651348489
255650773151
2694372341
2694274797
2694908151
2694862682
255650873386
255673373676
255654614510
255770648823
2694215067
255650269637
2694811956
255653515933
255779259877
2694307695
255716263511
2694490595
255770244507
255678904547
2694330049
255777084308
2694461296
255650929758
255713409108
255650353261
255670455771
255670735796
2694573415
255671195776
255650907280
2694704042
2694288303
255651438860
2694654980
255650649790
255670913411
255674469917
255711654022
255658481763
255656985824
255679135082
2694555390
255653918562
255676500939
2694722993
255770676578
2694817517
2694847558
255678685983
2694560687
2694486066
2694944571
255652934470
2694814312
2694812945
2694526926
2694614543
2694720668
2694412399
2694986124
255650512153
2694697957
255713280927
255718278912
2694288414
255670175032
255671805239
255673344122
2694976619
2694512725
2694559759
255716573043
255773932883
2694576841
2694467293
2694129309
255711948193
2694886183
255650399580
255670563602
255674988275
2694540320
255671507117
2694440891
2694413003
2694621680
2694685906
255650580527
255657151182
2694856046
2694492346
2694779034
255718413129
2694445049
2694924603
255715403905
2694387522
255651943468
255712664385
2694557242
2694214207
255675931097
2694296669
255651729173
255717428924
255659750237
255650553140
255717051292
255770563533
2694484716
2694494296
2694481129
2694556516
2694155286
255677101247
2694529335
255650907879
255770205345
2694553456
2694145799
255670592378
2694911841
255650445793
255714249310
255672376979
2694848771
255716531279
255658093485
2694696376
2694111374
255651652167
255671922580
2694210587
2694456938
255670473017
255775145627
2694867855
2694197796
255650812865
255670149834
255670221263
255653176859
255653323057
255671224494
2694888111
2694908081
255775160033
255653135785
2694753406
2694212781
2694445722
2694301550
2694161803
2694791538
2694859459
2694814217
2694275506
255670356174
255650403439
255670117829
2694773811
255651983376
2694324892
2694155259
2694116678
2694273091
255770086441
255770200990
2694686540
255772057341
255675206226
255653915043
2694808093
255677653490
2694336438
2694805277
255770047899
255678561252
2694373093
255650267999
255717657590
255650413608
255650466258
255716092015
2694685149
255719520560
2694884911
255658492356
255678433224
2694993696
255671440179
2694445484
255674065061
2694490063
255671246053
2694243979
2694430264
2694155161
2694467249
255711440419
2694339362
2694282215
2694410461
255677464213
255716335491
2694655829
2694564914
255675170372
2694540951
255650449668
255679026494
2694552170
255650494983
255659553672
255711582736
2694776613
255711168529
2694357690
255651194158
2694352749
255717536201
255774971247
2694667384
2694763242
2694406397
2694306401
255677282941
2694381937
2694449237
255659853561
255650282500
2694648440
255670567465
2694185741
255657688502
255719455355
255778223095
2694271082
2694538247
255718417953
2694506820
255717019213
2694725884
255677455931
255772866094
2694346238
255710878301
255659785262
255654002593
2694527126
255659969863
2694744101
2694885061
2694620265
2694347339
255650821797
255670473296
255670160782
255653671136
255652908118
255718612981
255717343397
2694642741
255711633483
2694679483
2694330713
255650917519
255675470700
2694819564
2694692427
2694827321
255677395082
2694606747
255672314800
255776935531
2694625954
255717222037
2694525002
255717839278
2694741888
2694158742
2694340978
255672916236
255711817913
255650850966
255650412035
255670291856
255670864218
255675941022
2694611927
2694550504
255650613339
255670190821
255713168712
255711046812
255659759938
255657243456
2694164112
2694347377
2694738828
255676251989
2694330276
255776965062
2694766513
2694567521
255677692428
255659456823
255674391882
255717796697
255671684272
255712014229
2694233001
2694593408
2694730694
2694357015
2694345023
2694613874
2694516737
255670574252
255654944650
255650459067
255677887354
255775822376
2694163405
255657121530
255655984770
255670933819
255711816002
2694889696
255655836875
255650263859
2694814101
255650229785
2694795439
2694246588
2694591748
2694678592
255650522340
255650436020
255650315130
255712763160
2694343656
255650816388
2694648706
255772303834
255711687065
255656982274
255650371194
2694423382
255656958059
255653764540
255656287478
255672539097
255671009480
2694656796
2694905038
255650308820
255770924457
255677466474
2694477313
255772584718
255710530983
255711057773
255656068847
255778709062
255671613277
2694754716
255650510056
2694739330
2694661114
255658966251
255671820108
255715684823
2694840997
2694124504
255715989590
2694418808
255770159565
255655499240
255670215671
2694513225
255670537898
255650410117
2694203260
2694255990
255650262952
2694744325
2694218926
2694670990
255674028949
255650931306
2694718695
2694347551
2694421280
255672003355
255671793391
255711122016
2694547354
255718893166
2694345887
2694656576
255671670555
2694860807
2694476083
2694527639
255674972213
255657146189
255650936699
255657980388
255711154543
255656473380
255671974590
2694260990
2694462594
2694146307
2694415263
255773778142
2694345905
2694742734
2694579187
255671556069
255713603112
2694298136
255711359125
255770590264
255717159103
2694861361
2694132223
255678270904
2694464750
255656076409
255650351575
255651771232
255650504298
255670046674
2694429304
255711498640
2694623236
2694477672
2694642710
2694909465
2694480456
2694448300
255650910931
2694169506
255679551773
255658492144
2694784254
255710645500
2694686856
2694690496
2694806433
255670110117
2694651054
255770417049
2694392579
255675526940
2694388828
2694163640
2694904409
255671793914
2694172423
2694402937
2694142607
2694521352
255671249632
255671667715
2694515979
2694887082
255655623515
255670357763
255650437155
2694314969
255777080161
2694626965
2694859943
255670911477
255715811140
255654261785
255671686843
2694521514
255714739167
2694124686
255775543559
255712323888
255651282232
255718630214
2694846329
2694142453
255670115384
2694432954
255658255688
2694675733
255675342810
255770041740
2694847595
2694801330
2694790028
255719700852
255650238675
255656625249
255650536923
2694560072
2694447928
255650290511
255678964151
2694278254
2694554559
255778274719
2694311537
2694540555
2694293366
2694861233
2694336100
2694786279
255676743416
255673141154
2694772812
2694457099
2694645552
2694790806
2694642723
2694565142
255675818460
2694781487
255716544851
2694922224
2694471673
2694662778
255658316922
2694843433
2694487398
2694571476
2694538754
255650923887
2694903882
255775356994
255770928109
2694527559
255777870083
2694632564
255650266234
2694728985
2694464097
2694154250
255650289101
255670139397
2694538726
2694423644
2694542896
255670463921
2694243525
255650985660
255670351716
255652481727
255654026524
255673088557
2694659762
2694769252
255717953867
255774397576
255650455252
255717373985
2694767544
255678412601
2694126313
255719338420
2694564943
2694178563
255672572952
2694875309
255670410986
255777906996
2694630369
2694864597
2694847101
255718504662
2694646747
255677572306
2694198046
255675047468
2694486583
255670216685
255777883215
255650906101
2694656797
255650244225
255771756785
2694861644
2694655826
2694172755
2694849028
2694443576
255670218393
255770183381
2694438973
255655487569
2694760427
2694950941
255650440773
255775181187
255655349165
2694568103
2694643866
2694899629
2694874681
2694142399
255770226593
255670810811
2694416276
255659187583
255671637229
2694678266
2694915232
255774933363
2694525656
255656942717
255658376178
2694563177
255777899570
255650243260
255672698943
2694217383
2694767932
2694240745
255650479107
255656886188
2694523444
255671853593
255655274396
255651212234
255770044961
255670336178
2694889436
255650697646
255716395719
255652291310
255659025200
2694150441
2694334351
255713567954
2694548453
255679968532
255719090982
255718338661
255650909599
2694124434
2694370537
255717496812
2694529535
255650934556
2694702966
255652517084
2694757067
255777793411
255671447333
2694410334
2694764231
255671568016
255773338814
255778068934
2694306280
255672980572
255670642635
255777618528
255673923475
255770850063
2694470474
255711029250
255717890089
255650544642
2694284344
2694805126
2694582598
2694120954
255650239638
2694359822
255650892065
255650376363
2694873651
255677613536
255770689548
2694114658
2694867726
255650842061
255657500037
2694710443
2694555123
2694721711
255770574349
2694497281
2694311091
2694364889
255678475648
2694494349
255650900925
2694653107
255670178005
2694131789
255713120035
255671820825
255670863421
255711941330
255653693871
2694491909
255771729918
255679795201
2694995028
2694313311
2694528390
255651778555
255675610152
2694842097
2694369412
255670077477
2694630542
2694964884
255717136557
2694436239
2694457588
2694817137
255650381277
255670640597
255677258727
255658868936
255779151649
255711963904
255651781018
255670188519
255650289504
2694281699
255773803429
2694532747
255650372009
2694994985
255711031497
255657404562
2694113337
2694435668
2694491039
2694476037
255771349512
2694382770
255658014407
2694649263
255778831778
255650847937
255650495111
255674258059
2694421076
255679634332
2694134853
2694519757
2694135726
255719190492
255656889138
2694297161
2694881302
255674966531
255650505488
2694905278
255775820298
255779049932
2694753360
2694329213
2694601484
2694432420
2694695092
2694696414
2694528753
255657200989
2694330634
255779158819
2694278334
255650384954
2694332905
2694580031
255670632245
255711046770
255653543843
255778117040
2694582839
255712019225
255651490087
2694906509
255710778403
255650289508
2694297133
2694592522
255774065995
255679232658
255711075344
255715480384
255770050645
2694470459
2694445798
2694275322
255650524851
2694764274
2694272342
255656442927
2694562370
2694602701
255650415150
255671077526
2694461235
255772827227
255650493711
2694828598
255650527682
255712166397
2694342275
255650532278
255659968594
255717669000
2694641531
2694438568
2694159235
2694194218
255651134268
2694907429
2694671906
2694343697
255671533059
255652789556
2694461278
2694815275
255773070983
255717595436
2694265504
255670934280
2694551972
2694425439
2694547450
255676631819
255657326494
255650624765
2694473865
2694814454
2694283326
2694315610
255712884651
255650443106
2694290575
2694148580
2694274369
255650501295
2694430793
2694946350
2694336102
255674082729
255673412854
255650524790
2694428155
2694313915
255773751311
255673059980
255650627819
2694605899
255711145299
255658752324
255650483306
2694491555
255658754752
2694164318
2694195480
255653521795
255670793296
255671313348
255658482649
2694298697
255670114039
255651088374
255670421105
2694862766
2694437896
2694718463
2694617610
2694487579
2694620264
2694653016
255779465377
255717098953
255650461377
255716075407
255653285258
255658090924
255650463176
2694152465
255679266853
2694566858
255651865609
2694291053
2694306684
2694361839
255677406350
255777796244
255650430526
255677852718
255670652203
2694137128
2694210558
255650510720
2694594549
2694181006
2694274572
255650773831
2694584615
2694203908
255677253196
255655429636
255671875768
255670628210
2694849388
255670175819
2694712164
2694399770
2694430488
255774133128
255774116042
255771744394
255679107557
255770779285
255770812880
255771792048
2694579858
2694462137
255650283628
2694554316
2694109846
255650328302
255650295397
2694895027
255670138770
2694495352
255676755160
2694508257
255670062732
2694306747
255656561196
255651640840
2694516465
2694509933
255650913652
2694210730
2694538717
255656057545
255711768169
2694135526
255774922486
255771281830
255771455331
255658561859
255671807144
2694322945
255655606944
255671947069
255671785982
255650920310
2694209329
2694245858
2694815205
2694332690
255716102516
255658407382
255658005620
2694310840
255651928381
2694633746
255671184839
255651121183
2694348761
2694787303
2694614662
2694694234
255650913333
255658376745
255770428318
255711789712
255671675076
255670484866
2694920696
255656984982
255650842077
2694465033
2694278385
2694531960
255670591543
2694272650
255655770499
255651068335
255671813488
2694784613
255711046781
2694371598
255677174213
2694586862
2694950989
255674985796
255717368917
255650332705
2694345131
2694658821
255717611989
2694325189
2694481984
2694334723
255650262490
2694637930
2694584935
2694575643
2694555197
255716865734
2694677973
255654382992
2694357565
255659135951
255770022836
255777756780
255658544740
2694703434
255655884700
2694343198
2694300796
2694355632
2694111360
2694349560
2694377170
255710902676
2694250881
2694564242
2694659817
2694812913
255656572538
255670174517
2694566364
2694209467
2694618736
255670960899
2694576859
2694170300
2694678955
2694576144
2694589362
2694128129
2694876408
2694835247
2694153893
2694570588
255650453993
2694179991
255711362090
255715742785
2694363751
255711728431
2694629372
2694463257
2694358193
255671575778
2694605386
255778227089
2694840476
2694455278
255650809916
255659651822
255655746227
255650635036
2694291557
2694115702
255653432943
2694766172
2694632829
255650392878
2694235413
2694731189
2694631735
2694775469
255653087362
2694559388
255651006147
2694396872
255675041906
2694135160
2694721873
2694655666
255671119571
255718581780
255679706238
2694710521
255650764537
255659329858
2694655569
255650763012
255770101752
2694551953
2694485722
255676038713
2694692237
255771472028
2694153836
255779471089
255715074547
2694522562
255719170909
2694115808
2694519458
2694476706
2694664696
255658600887
255775082833
2694626313
255671450627
2694692655
255711858480
255658297600
255650313255
2694632749
2694179977
2694783661
2694219502
255676752491
255650469613
2694402085
255658973252
255677258227
255776615149
255677270083
2694289916
2694625463
255779585499
2694411345
255652811056
255655614539
2694401386
255653870113
255659544781
255679046157
255671709010
255711078730
255770645001
2694620521
2694327372
255672575323
2694158455
2694222558
2694527659
2694730623
255670917014
255677654377
255778524478
255774684821
2694168494
255655314321
255659931071
255771207426
255715021527
2694844539
255659252666
2694546268
255717036967
2694302587
255779357454
2694594653
2694772885
255657348164
255779830225
2694448626
255677480396
2694615949
255671373000
255654025091
2694277360
255650529101
2694281402
2694612716
2694469575
2694871774
255650552102
2694340780
2694278641
255678949007
255671612991
2694599463
2694312816
255675967662
255710258486
255650408376
2694487570
2694490665
2694812868
2694642631
255778859927
2694391234
2694454778
2694158686
2694373545
2694547044
2694350880
2694724877
2694928291
2694358498
255650537350
2694579689
2694581757
2694491737
255678377633
255650784254
2694335311
2694294774
255651637921
2694284262
255676145630
2694636711
255654582777
2694142511
255670628236
255670751815
255678803165
2694127316
2694883359
2694493637
255650535089
255776615133
255650289992
2694293970
2694493365
2694410880
2694857436
2694963725
255670618857
255715273361
255670949661
255671440919
2694377642
2694921375
2694554695
2694296888
255770795187
255671521977
2694671533
255657315049
255678685512
2694110641
2694718087
255670035555
255773080969
255670380649
2694545525
255679950981
2694699627
255673715025
2694744553
2694813802
255776879920
2694500832
2694699645
255671669783
255652380372
255657732924
2694496141
255656204424
2694126043
255651132888
255670197134
255656445994
255656369234
255650927026
2694678823
2694715450
255671785098
2694494870
255670784557
2694237026
255655164843
255771852702
255671983534
255650663251
255670987770
2694262825
2694888395
255710177903
255670144828
2694652626
255677156938
2694564846
2694360821
2694946132
255677359343
2694553487
255677095408
2694130053
2694154615
2694688094
255658394775
2694912091
2694244933
255650852166
2694410277
255657053604
2694376671
2694399084
2694159201
2694997786
255656588941
255676112389
2694690540
2694564623
2694942873
2694495642
255658559964
255650234166
255670927104
2694584909
2694445207
255655284691
255650361590
255712588031
255654439629
2694741458
2694640958
255676903139
2694388302
2694889576
255650411891
255678953067
2694821969
2694345866
255770304389
255673395526
255670128978
2694831265
255653402042
2694134976
2694875421
255719116007
2694136134
255675082682
2694621278
255650386041
255671287953
2694253326
255650689684
2694750301
2694713091
255650933350
2694906595
2694546286
255718825398
2694571221
2694439408
2694303130
2694578685
2694768326
255671706848
255656514603
255771703993
255658721923
2694872227
2694666645
2694830388
255670459595
255671884020
2694745072
255679534151
255778317991
255650936054
255672784846
2694729072
255775689712
2694342736
2694260516
255650530531
2694470650
255770826097
2694362663
255650267356
255653802630
2694572671
2694492407
255774141909
2694799080
255650452766
2694126938
255773862696
255670681174
255671911573
255718999749
255771921157
255650387594
2694504341
255670554775
2694961634
255670786900
255650527665
255650335881
255650848111
2694239925
2694178716
255656287141
255670152339
255712046242
2694705228
255677291881
2694651688
2694465907
2694787523
2694529210
2694703305
255670124344
2694353215
2694900604
2694515502
255651094220
2694498572
255651124570
255778575456
2694561384
255671753135
2694433772
255670003076
2694569418
255670881750
255679826981
255650236467
255658160446
255670155459
2694506264
255650849837
2694333030
255711103662
2694647454
2694648832
255670946947
2694704210
2694957154
2694174583
2694572470
255711188412
2694492027
255670397114
255671370286
255778800966
255650376144
2694691718
2694249678
2694507699
2694482976
2694579711
255650700340
255770029981
255779841069
2694843336
255670175921
255671492532
255656476035
255776304819
255679265327
255650984621
255651841371
2694152352
255651384819
255718561054
2694415041
2694436918
2694723479
2694732900
255670997277
2694212619
2694630290
255771360963
2694602649
2694177517
2694902238
255671452027
2694449095
2694691329
2694198888
2694703357
255716802651
255670387989
255771776638
2694351392
2694784452
255650813200
255677470453
255658169157
255677129647
2694761963
255718364300
255711031425
2694799696
255659056086
255776555527
2694925552
2694732253
2694841425
2694569000
2694494758
2694651379
2694301580
2694142575
255670630574
2694282628
2694630199
2694814008
2694282643
255712353492
2694552985
2694281073
2694505958
2694487508
255671774112
255670335207
255678189442
255671905248
255678715137
255650482823
255772257189
255678193627
255671122283
2694555531
2694499478
255655556434
2694342957
255670480199
255650908842
255775058422
2694291849
2694501130
2694497452
2694163384
255677014245
2694447664
255653976090
255710848763
2694217365
255711472450
2694370997
255656219383
2694463606
255653881985
255711838443
255771844290
255650227913
255650283747
255715561287
255650410769
255678682005
255711242635
255679523446
255716068731
2694667316
2694430434
2694716068
2694891808
255671608687
2694124444
255711601534
2694747858
255650425716
2694130717
2694586145
2694749514
2694619050
255771653140
2694828314
255650468952
2694375603
2694144764
255650906596
2694162870
255771326981
2694405485
255655836892
2694255050
255778336868
255770564561
2694584771
2694407375
2694832355
2694270005
255650898191
255779758303
255770974739
2694485142
255671587340
255650512858
255651248098
255650927075
2694420614
255650424767
255650897735
255712671559
255657644422
255650416404
2694438246
2694663495
255671681433
255653665687
2694304333
2694289514
2694166978
2694483008
255711701567
2694534282
255650464581
255677123782
255717751467
255670643928
2694723942
255678798437
2694399536
2694635770
255778329767
255651170021
255675907478
2694547453
2694492568
255650625416
2694456372
2694359821
2694208793
255651120684
255710421811
255675918646
255770466792
2694665522
2694357071
2694638181
255778139842
2694126819
255670468889
255650480761
255674845422
2694569711
2694518400
2694359955
2694797349
255710629305
255719717232
255670124324
2694631270
255659431526
255779006203
2694294411
2694312013
255718580757
2694460682
2694611168
2694793160
2694972197
2694949001
255670867737
2694913477
255677527632
2694921855
2694651503
2694615220
2694595301
2694582678
255715378144
255679376438
255677250370
2694880370
255650902687
2694646736
2694439652
255770296931
2694907635
2694153848
255657010948
2694662526
255779010930
255650923776
2694210357
2694169140
255678068976
2694392268
255650389617
2694116860
255671224270
2694849802
255671656729
2694137400
2694351098
255659019949
255772304778
2694498718
2694694327
2694605097
255670189983
255775501338
255650544993
255650363433
2694915052
2694572261
255671563294
2694897178
255670702514
2694676862
255679330112
255716197009
255650920332
2694566931
2694784678
2694495731
255656298021
255774731383
2694891483
2694316489
255674926976
2694510810
255711944676
255654325063
2694369130
255718453430
2694776130
2694472719
2694534358
2694914729
255714213928
255650815057
2694124738
255776418564
255671208499
255670436446
2694783944
2694161722
2694502896
255654432176
2694782581
2694725649
255670333401
2694151540
255770041482
255674768440
255657185654
255658735228
2694251600
2694548203
255711844284
2694425277
255670614233
255675226960
2694132316
255655094793
2694946323
255670687554
255775363090
2694506144
2694338374
255671528193
2694908140
2694124433
255651115395
2694806392
2694586354
2694908621
255657947910
255770907082
2694431649
255770107124
255670393096
255650372081
255777107630
255674854677
2694293738
2694904418
2694137443
2694447509
2694553973
255670615338
255658791182
2694153902
2694737045
2694980612
255671804286
255770159977
2694723000
2694718055
2694754578
2694432215
255670892214
255650846134
255651564440
255650907675
255770268885
255651916419
2694109415
2694498250
255779922391
255673604507
2694615765
255719760612
2694837279
255650380168
255771922572
2694272580
255678916513
255670623572
255655586627
2694930757
255773460878
2694926893
2694575868
2694786426
255717536184
255650862020
255673309435
255711947793
255672266179
2694459628
2694609974
255670369450
2694530996
2694392269
2694193029
255650307266
2694124202
2694666145
2694392911
255650460019
2694237415
255650537423
2694337400
2694977914
2694707731
255776898244
255650685660
255679746730
255671287930
2694749019
2694800046
255673726618
255656410857
2694408961
2694206685
255659383357
255712249781
255771620736
255650437432
255670617253
255650849723
255678270948
255718804746
255650403201
2694910074
255714563891
255653773665
2694394579
255650861337
255650912377
2694257478
2694485629
2694798591
2694812964
2694652757
2694681834
255774793773
2694945248
2694147069
255657583867
2694139122
255715631430
2694392593
255650227112
2694681530
2694574384
2694883605
255711319123
255714153904
255711032537
255650261657
2694424569
2694319328
255658370038
255650568902
2694769346
2694870369
255774949493
255778490568
2694606847
255713055459
255658784091
255670422999
2694632127
2694809701
2694681812
255674037688
2694702767
2694190875
255770105470
2694619886
2694607254
2694976836
255657898584
2694322318
255650548963
2694111033
2694486707
2694489710
2694793576
255770913108
255774265327
2694577715
2694589594
255650813210
255675860130
255650243128
2694756130
2694315135
2694780714
255656480227
2694289231
2694252250
255650916142
255715786366
255677563084
255779871401
2694254630
255651727311
255670719142
2694568396
2694309305
255651179016
2694163485
255715652877
255676170730
255670803784
255650423400
255719492888
255653943411
255670438723
255650676009
2694951896
2694579302
255670344242
2694568327
255777038111
255770525796
255772962938
2694371500
2694260920
255654840768
255650888938
255650288907
255711646259
2694480072
2694252281
255678889996
255715993050
255679411617
2694127749
255671938223
255676816728
255671724815
255656818236
255670851133
2694510992
255650260848
255650507426
255670957935
255773622165
2694589531
255670838662
2694434774
255659822388
2694631300
255673995953
255677260433
255715538543
255711806303
2694136534
2694602943
2694459584
255671894556
2694833246
2694540458
2694139077
255670316171
255671936635
2694216446
255671812515
255650306040
2694859950
2694362747
255670797228
255670523731
2694195425
2694289968
2694134280
2694529970
2694294848
255717140203
2694736362
2694746234
2694678740
255678277019
255716921720
2694364103
255672789424
255672439023
255651349387
2694695837
2694196141
2694657225
255670803022
255714175402
255650412886
2694527384
2694328155
255671836188
255655011338
255650916972
255670066763
2694725560
255650832852
2694917624
2694496582
2694551966
255670341518
2694977179
2694615381
255714560638
255670159485
255671946258
2694912933
2694297012
255650255439
2694275368
255719034289
255653493091
2694911675
255671472017
255677359757
2694137388
255715731629
255650831176
255656539150
2694332562
2694744523
2694405213
255771007237
2694538932
255678072859
255650286841
2694318583
2694569390
255650334340
255718749674
255711159948
2694168219
255657519401
2694505576
2694708289
2694804044
255650402359
2694712981
2694968009
255678766390
2694445050
2694505402
255671108681
255670777774
255670696327
2694837881
255651116027
2694594539
2694570583
255650463166
2694114665
255650471325
2694846029
255650502509
2694290869
2694862034
255670504794
2694187688
255670925521
2694413248
255670907603
2694431276
255710219078
255655318602
2694126596
255657392032
2694638007
255653585234
255656019573
2694476073
2694740976
2694760836
255779169558
2694989733
2694640879
2694724471
2694667930
2694333238
2694696315
255770409377
2694593071
2694900662
255650544884
255650489678
2694711362
2694448446
2694740701
255650240077
2694531152
255711548705
2694149984
2694805293
2694869745
2694136124
2694162909
2694952834
2694399449
2694775285
255653743122
255677038549
2694551102
255710215468
2694485632
255719386641
255777259466
2694294246
255711276391
2694216116
2694843842
255771124401
2694538621
2694721408
2694397855
255711684826
2694848780
255658304388
2694514830
255671767067
2694544644
255650367537
2694851034
2694667320
255650440116
255656830998
255653772483
2694570724
255677103111
255675182383
2694239740
2694166115
2694822658
255651294293
255770066756
255650260174
2694711864
255713879295
255650847589
2694156143
255656743305
255671624419
255670125267
255651133694
255678952359
2694672575
255650979312
255650907333
255671233477
2694310190
255713234477
2694806734
2694480056
255716907517
2694813147
255770512234
2694795841
2694569522
2694813191
255670119821
255670190274
2694334320
255671699973
255776534492
255670372992
255650308381
2694922146
255678298105
2694903125
2694614685
2694159797
2694862872
2694125299
255710650142
255712697896
255655211660
255650949690
2694859197
2694289801
255650264237
2694236983
255670095126
2694391645
255770148855
255676328287
2694416318
255651179677
255656475802
255653741489
2694436119
2694195746
255671267837
2694421752
2694958141
255717281456
2694515874
255650684107
255716666831
255676688945
2694685274
255711146375
255671741515
255776747690
2694960800
255718471072
